254 2 1  255 0 0  254 2 0  253 3 1  252 6 1  251 9 2  250 11 3 
248 14 4  247 17 6  244 21 6  243 24 7  241 28 8  239 32 10  237 35 11 
235 38 11  233 42 13  231 47 14  229 50 16  228 54 16  225 59 17  223 62 19 
222 67 20  219 70 21  218 75 22  216 79 23  215 82 24  212 86 25  210 90 27 
209 93 28  208 96 29  207 99 29  206 102 30  205 106 31  204 108 32  204 111 32 
203 113 33  203 119 33  205 125 33  209 130 33  215 134 33  221 136 33  226 138 33 
231 138 33  232 138 32  232 138 31  231 138 31  229 136 30  224 134 30  220 130 30 
215 126 29  208 121 28  201 117 29  194 112 28  186 106 27  179 101 27  172 96 26 
165 91 25  158 86 25  151 83 24  145 79 23  140 76 23  136 75 22  134 74 22 
134 74 20  134 74 17  134 76 15  134 78 12  134 80 11  134 83 11  134 86 11 
134 91 11  134 95 11  134 99 11  134 103 11  134 108 11  134 113 11  135 115 13 
136 117 17  137 119 21  138 120 25  141 124 31  142 125 35  144 129 41  146 131 46 
147 134 52  150 136 58  152 139 65  154 142 72  155 144 78  157 148 85  160 150 92 
163 154 99  165 156 107  167 159 114  170 163 121  172 165 128  174 168 135  177 171 143 
179 174 149  182 177 156  184 180 163  186 182 168  188 186 174  190 187 179  192 191 185 
195 194 190  197 196 194  199 198 198  199 198 199  199 199 200  199 199 201  200 199 202 
201 200 202  201 201 203  201 201 204  202 202 204  203 202 204  203 203 206  203 204 207 
204 204 207  205 204 208  205 204 208  205 205 210  206 206 211  206 206 212  207 207 212 
207 207 213  208 208 214  208 208 214  209 208 214  209 209 215  210 210 215  210 211 217 
211 211 217  212 212 218  212 212 219  213 212 219  213 213 220  213 214 221  214 214 221 
214 214 223  214 214 223  214 215 223  215 215 223  215 216 224  216 216 224  217 217 226 
218 218 226  218 218 227  219 219 228  219 219 228  219 220 229  220 221 229  221 221 230 
221 222 231  221 223 231  222 223 232  223 223 232  223 223 232  223 224 232  223 224 233 
224 225 234  225 225 235  225 225 235  226 226 235  226 227 236  226 227 237  227 228 237 
228 229 238  228 229 239  228 230 239  230 230 239  229 230 239  230 230 240  231 231 241 
232 232 241  232 232 241  232 232 241  232 233 242  232 233 242  233 234 243  234 234 243 
234 235 243  235 235 244  235 236 244  236 236 245  236 237 245  237 237 246  237 238 246 
238 238 247  238 239 246  239 239 247  239 239 247  240 241 248  240 241 248  241 241 248 
241 241 249  241 241 249  242 242 250  241 242 250  242 243 250  243 243 250  243 244 250 
244 243 250  244 245 250  245 244 251  245 245 251  245 245 251  245 246 251  246 247 251 
246 247 252  246 247 252  247 248 252  248 248 253  248 249 252  249 248 253  248 250 253 
249 249 253  250 250 253  250 250 254  250 250 254  250 250 254  250 250 254  250 251 254 
251 251 254  251 252 254  252 252 254  252 252 254  252 252 255  253 253 254  253 253 255 
253 253 255  253 253 255  254 254 255  253 254 255  254 254 255  254 255 254  254 254 254 
255 255 254  255 255 253  255 255 252  255 255 249  255 255 246  255 255 241  255 255 237 
255 255 231  255 255 225  255 255 218  255 253 212  255 253 207  254 252 202  254 250 197 
253 249 193  254 252 202  254 250 197  253 249 193 
