0
0.00777778
0.0111111
0.0155556
0.0188889
0.0233333
0.0266667
0.0311111
0.0344444
0.0388889
0.0422222
0.0466667
0.05
0.0544444
0.0577778
0.0622222
0.0655556
0.07
0.0744444
0.0777778
0.0822222
0.0855556
0.09
0.0933333
0.0977778
0.101111
0.105556
0.108889
0.113333
0.116667
0.121111
0.124444
0.128889
0.132222
0.136667
0.141111
0.144444
0.148889
0.152222
0.156667
0.16
0.164444
0.167778
0.172222
0.175556
0.18
0.183333
0.187778
0.191111
0.195556
0.198889
0.203333
0.207778
0.211111
0.215556
0.218889
0.223333
0.226667
0.231111
0.234444
0.238889
0.242222
0.246667
0.25
0.254444
0.257778
0.262222
0.265556
0.27
0.274444
0.277778
0.282222
0.285556
0.29
0.293333
0.297778
0.301111
0.305556
0.308889
0.313333
0.316667
0.321111
0.324444
0.328889
0.332222
0.336667
0.341111
0.344444
0.348889
0.352222
0.356667
0.36
0.364444
0.367778
0.372222
0.375556
0.38
0.383333
0.387778
0.391111
0.395556
0.398889
0.403333
0.407778
0.411111
0.415556
0.418889
0.423333
0.426667
0.431111
0.434444
0.438889
0.442222
0.446667
0.45
0.454444
0.457778
0.462222
0.465556
0.47
0.474444
0.477778
0.482222
0.485556
0.49
0.493333
0.497778
0.501111
0.505556
0.508889
0.513333
0.516667
0.521111
0.524444
0.528889
0.532222
0.536667
0.541111
0.544444
0.548889
0.552222
0.556667
0.56
0.564444
0.567778
0.572222
0.575556
0.58
0.583333
0.587778
0.591111
0.595556
0.598889
0.603333
0.607778
0.611111
0.615556
0.618889
0.623333
0.626667
0.631111
0.634444
0.638889
0.642222
0.646667
0.65
0.654444
0.657778
0.662222
0.665556
0.67
0.674444
0.677778
0.682222
0.685556
0.69
0.693333
0.697778
0.701111
0.705556
0.708889
0.713333
0.716667
0.721111
0.724444
0.728889
0.732222
0.736667
0.741111
0.744444
0.748889
0.752222
0.756667
0.76
0.764444
0.767778
0.772222
0.775556
0.78
0.783333
0.787778
0.791111
0.795556
0.798889
0.803333
0.807778
0.811111
0.815556
0.818889
0.823333
0.826667
0.831111
0.834444
0.838889
0.842222
0.846667
0.85
0.854444
0.857778
0.862222
0.865556
0.87
0.874444
0.877778
0.882222
0.885556
0.89
0.893333
0.897778
0.901111
0.905556
0.908889
0.913333
0.916667
0.921111
0.924444
0.928889
0.932222
0.936667
0.941111
0.944444
0.948889
0.952222
0.956667
0.96
0.964444
0.967778
0.972222
0.975556
0.98
0.983333
0.987778
0.991111
0.995556
0.998889
1
