0
0.00350146
0.00367917
0.00380172
0.00391472
0.00405127
0.00414722
0.00429134
0.00440051
0.0044883
0.00461698
0.00470157
0.00484693
0.00501279
0.00515967
0.0052013
0.00536781
0.00551037
0.00570084
0.00583456
0.006055
0.00620902
0.00646366
0.00660801
0.00682903
0.00708782
0.00740164
0.00781243
0.00800641
0.00549393
0.00571254
0.00584083
0.0060293
0.006411
0.00648997
0.00657665
0.00657665
0.00683454
0.0067554
0.0067554
0.00701974
0.00701974
0.00709243
0.00709243
0.00716166
0.00716166
0.00716166
0.00722767
0.00729068
0.00735088
0.00740847
0.00723864
0.00735135
0.00735135
0.00745522
0.00750416
0.00755125
0.0075966
0.00749362
0.00753759
0.00758004
0.00766071
0.00769906
0.00790671
0.00780691
0.00803358
0.00803358
0.00806293
0.00824691
0.00827232
0.008297
0.00832098
0.0083443
0.00851183
0.00853194
0.00853194
0.00869249
0.0087097
0.00884883
0.00886378
0.00886378
0.0090139
0.0090139
0.0090139
0.00914946
0.00914946
0.00927574
0.00927574
0.00926621
0.00940533
0.00939741
0.00938089
0.00936346
0.00949825
0.00948327
0.00946737
0.0094416
0.0094132
0.00939261
0.00935887
0.00932116
0.00929345
0.00948835
0.00946561
0.00944076
0.00942744
0.00941348
0.00939882
0.0093834
0.00936718
0.00935007
0.00935007
0.00933202
0.00933202
0.00931293
0.00931293
0.00929272
0.00929272
0.00929272
0.00927129
0.00927129
0.00927129
0.00924852
0.00924852
0.00957895
0.00957895
0.00956536
0.00956536
0.00990645
0.00990645
0.00990645
0.00975246
0.00975246
0.00975246
0.00941138
0.00941138
0.00941138
0.00941138
0.00907029
0.00909935
0.00909935
0.00909935
0.00912664
0.00912664
0.00884134
0.00884134
0.00887444
0.00890571
0.00893528
0.00924155
0.009261
0.00929705
0.00931379
0.00957565
0.00960332
0.00984013
0.00984954
0.00994528
0.0097594
0.00977544
0.00962426
0.00949825
0.00936346
0.00940533
0.0093199
0.00922858
0.00926287
0.0091988
0.00922307
0.00907488
0.00912444
0.00907148
0.00911678
0.00906134
0.00909689
0.00914237
0.00909242
0.00918905
0.00928996
0.00932102
0.0093416
0.00941975
0.00955282
0.00957269
0.00963748
0.00969855
0.00976213
0.00981968
0.0099309
0.00993126
0.00996105
0.00990831
0.00980303
0.00980594
0.00970611
0.00965478
0.00955429
0.00955855
0.00946251
0.00936828
0.00936828
0.00927241
0.00918501
0.00912825
0.00908334
0.00899474
0.00889265
0.00884923
0.00878962
0.00870964
0.00866136
0.0085648
0.0084752
0.0084127
0.00832339
0.00822683
0.00816176
0.00811303
0.00800639
0.00790849
0.00784958
0.00775122
0.00765286
0.00754307
0.00751989
0.0073578
0.00722064
0.00719417
0.00704312
0.00694242
0.0068266
0.00667483
0.00659162
0.0064555
0.00633622
0.0062671
0.00609416
0.005991
0.00584733
0.00569107
0.00561739
0.00546783
0.00530923
0.00517939
0.00510164
0.00499771
0.00480938
0.00464671
0.00464602
0.00439785
0.00426252
0.00420244
0.0040292
0.00387605
0.0038192
0