0.000000
0.001800
0.003600
0.005400
0.007200
0.009000
0.010800
0.012600
0.014400
0.016200
0.018000
0.019800
0.021600
0.023400
0.025200
0.027000
0.028800
0.030600
0.032400
0.034200
0.036000
0.037800
0.039600
0.041400
0.043200
0.045000
0.046800
0.048600
0.050400
0.052200
0.054000
0.055800
0.057600
0.059400
0.061200
0.063000
0.064800
0.066600
0.068400
0.070200
0.072000
0.073800
0.075600
0.077400
0.079200
0.081000
0.082800
0.084600
0.086400
0.088200
0.090000
0.091800
0.093600
0.095400
0.097200
0.099000
0.100800
0.102600
0.104400
0.106200
0.108000
0.109800
0.111600
0.113400
0.115200
0.117000
0.118800
0.120600
0.122400
0.124200
0.126000
0.127800
0.129600
0.131400
0.133200
0.135000
0.136800
0.138600
0.140400
0.142200
0.144000
0.145800
0.147600
0.149400
0.151200
0.153000
0.154800
0.156600
0.158400
0.160200
0.162000
0.163800
0.165600
0.167400
0.169200
0.171000
0.172800
0.174600
0.176400
0.178200
0.180000
0.181800
0.183600
0.185400
0.187200
0.189000
0.190800
0.192600
0.194400
0.196200
0.198000
0.199800
0.201600
0.203400
0.205200
0.207000
0.208800
0.210600
0.212400
0.214200
0.216000
0.217800
0.219600
0.221400
0.223200
0.225000
0.226800
0.228600
0.230400
0.232200
0.234000
0.235800
0.237600
0.239400
0.241200
0.243000
0.244800
0.246600
0.248400
0.250200
0.252000
0.253800
0.255600
0.257400
0.259200
0.261000
0.262800
0.264600
0.266400
0.268200
0.270000
0.271800
0.273600
0.275400
0.277200
0.279000
0.280800
0.282600
0.284400
0.286200
0.288000
0.289800
0.291600
0.293400
0.295200
0.297000
0.298800
0.300600
0.302400
0.304200
0.306000
0.307800
0.309600
0.311400
0.313200
0.315000
0.316800
0.318600
0.320400
0.322200
0.324000
0.325800
0.327600
0.329400
0.331200
0.333000
0.334800
0.336600
0.338400
0.340200
0.342000
0.343800
0.345600
0.347400
0.349200
0.351000
0.352800
0.354600
0.356400
0.358200
0.360000
0.361800
0.363600
0.365400
0.367200
0.369000
0.370800
0.372600
0.374400
0.376200
0.378000
0.379800
0.381600
0.383400
0.385200
0.387000
0.388800
0.390600
0.392400
0.394200
0.396000
0.397800
0.399600
0.401400
0.403200
0.405000
0.406800
0.408600
0.410400
0.412200
0.414000
0.415800
0.417600
0.419400
0.421200
0.423000
0.424800
0.426600
0.428400
0.430200
0.432000
0.433800
0.435600
0.437400
0.439200
0.441000
0.442800
0.444600
0.446400
0.448200
0.450000
0.451800
0.453600
0.455400
0.457200
0.459000